PreprocessorDefinitions=
Techniques=GeomModCRT,Hud_Tech
TechniqueSorting=GeomModCRT,Hud_Tech

[CRTGeomMOD.fx]
ACTIVATION_PIXEL_TEST=0
aperture_type=0
arts_aspect_ratio=1.000000,1.000000
aspect_ratio=1.000000,1.000000
bg_col=0.000000,0.000000,0.000000
BLOOM=0
BloomBlurOffset=1.600000
BloomContrast=0.660000
BloomStrength=0.160000
buffer_offset=0.000000,0.000000
cornersize=0.010000
cornersmooth=120.000000
CRTgamma=2.400000
CRT_EFFECT=0
CURVATURE=0
d=2.700000
dotmask=0.330000
ext_offsets=0.000000,0.000000
ext_zoom=100.000000,100.000000
h_starts=0.000000,100.000000
inp_game_ratio=6
inp_screen_ratio=0
inp_video_size=0,0
lum=0.880000
monitorgamma=2.200000
OVERSAMPLE=1
overscan=100.000000,100.000000
ovs_boost=1.000000
PASS_THROUGH_BORDERS=0
R=2.900000
resize_method=0
ROTATED=0
ROTATED_180=0
sharper=2.000000
src_offsets=0.000000,0.000000
test_color=0.000000,0.000000,0.000000
test_color2=0.000000,0.000000,0.000000
test_epsilon=0.010000
test_pixel=0,0
test_pixel2=0,0
texture_size=0.000000,0.000000
tilt=0.000000,0.000000
USE_BACKGROUND=0
USE_BEZEL=0
USE_FRAME=0
USE_OFF_BEZEL=0
USE_OVERLAY=0
VERTICAL_SCANLINES=0
v_starts=0.000000,100.000000

